Accuracy: 0.9984984984984985
Precision: 0.9985063188188187
Recall: 0.9984984984984985
F1: 0.9984996675865448