Accuracy: 0.9948979591836735
Precision: 0.9949129660648529
Recall: 0.9948979591836735
F1: 0.9948999676834642